File type = "ooTextFile"
Object class = "PitchTier"

xmin = 0 
xmax = 0.517125 
points: size = 6 
points [1]:
    number = 0.21356250000000004 
    value = 100.58393496147119 
points [2]:
    number = 0.22856250000000003 
    value = 98.65279187543953 
points [3]:
    number = 0.25856250000000003 
    value = 85.87769221197578 
points [4]:
    number = 0.39356250000000004 
    value = 93.55679842583551 
points [5]:
    number = 0.40856250000000005 
    value = 104.94237585834654 
points [6]:
    number = 0.4385625000000001 
    value = 99.62933117639184 
